digraph CG {
  label="Coverability Graph";
  labelloc=t;
  S0 [shape=box, label="[0, 0, 0, 0, 0, 0, 0, 0, 0, 0, 0, 0, 0, 0, 0, 0, 0, 0, 28, 12, 0, 0, 0, 1, 0, 1, 0, 1, 0, 1, 0, 1, 0, 1, 0, 1, 0, 0, 0, 0, 0, 0, 0, 0, 1, 0, 0, 0, 0, 0, 8]"];
  S1 [label="[0, 0, 0, 0, 0, 0, 0, 0, 0, 0, 0, 0, 0, 0, 1, 0, 0, 0, 28, 12, 0, 0, 0, 1, 0, 1, 0, 1, 0, 1, 0, 1, 0, 1, 0, 0, 0, 3, 0, 0, 0, 0, 0, 0, 1, 0, 0, 0, 0, 0, 8]"];
  S2 [label="[0, 0, 0, 0, 0, 0, 0, 0, 0, 0, 0, 0, 1, 1, 0, 0, 0, 0, 28, 12, 0, 0, 0, 1, 0, 1, 0, 1, 0, 1, 0, 1, 0, 1, 0, 0, 0, 3, 0, 0, 0, 0, 0, 0, 1, 0, 0, 0, 0, 0, 8]"];
  S3 [label="[0, 0, 0, 0, 0, 0, 0, 0, 0, 0, 0, 0, 1, 0, 0, 0, 0, 0, 28, 12, 0, 0, 0, 1, 0, 1, 0, 1, 0, 1, 0, 1, 0, 1, 0, 0, 0, 3, 0, 1, 1, 0, 0, 0, 1, 0, 0, 0, 0, 0, 8]"];
  S4 [label="[0, 0, 0, 0, 0, 0, 0, 0, 0, 0, 0, 0, 1, 0, 0, 0, 0, 0, 28, 12, 0, 0, 0, 1, 0, 1, 0, 1, 0, 1, 0, 1, 0, 1, 1, 0, 0, 3, 0, 1, 0, 0, 0, 0, 1, 0, 0, 0, 0, 0, 8]"];
  S5 [label="[0, 0, 0, 0, 0, 0, 0, 0, 0, 0, 0, 0, 1, 0, 0, 0, 0, 0, 28, 12, 0, 0, 0, 1, 0, 1, 0, 1, 0, 1, 0, 1, 1, 1, 0, 0, 0, 3, 0, 0, 1, 0, 0, 0, 1, 0, 0, 0, 0, 0, 8]"];
  S6 [label="[0, 0, 0, 0, 0, 0, 0, 0, 0, 0, 0, 0, 1, 0, 0, 0, 0, 0, 28, 12, 0, 0, 0, 1, 0, 1, 0, 1, 0, 1, 0, 1, 1, 1, 1, 0, 0, 3, 0, 0, 0, 0, 0, 0, 1, 0, 0, 0, 0, 0, 8]"];
  S7 [label="[0, 0, 0, 0, 0, 0, 0, 0, 0, 0, 0, 0, 1, 0, 0, 0, 0, 0, 28, 12, 0, 0, 0, 1, 1, 1, 0, 1, 0, 1, 0, 1, 0, 1, 0, 0, 0, 3, 0, 0, 1, 0, 0, 0, 1, 0, 0, 0, 0, 0, 8]"];
  S8 [label="[0, 0, 0, 0, 0, 0, 0, 0, 0, 0, 0, 0, 1, 0, 0, 0, 0, 0, 28, 12, 0, 0, 0, 1, 1, 1, 0, 1, 0, 1, 0, 1, 0, 1, 1, 0, 0, 3, 0, 0, 0, 0, 0, 0, 1, 0, 0, 0, 0, 0, 8]"];
  S9 [label="[0, 0, 0, 0, 0, 0, 0, 0, 0, 0, 0, 0, 1, 0, 0, 0, 0, 0, 28, 12, 0, 0, 0, 1, 0, 1, 0, 1, 1, 1, 0, 1, 0, 1, 0, 0, 0, 3, 0, 0, 1, 0, 0, 0, 1, 0, 0, 0, 0, 0, 8]"];
  S10 [label="[0, 0, 0, 0, 0, 0, 0, 0, 0, 0, 0, 0, 1, 0, 0, 0, 0, 0, 28, 12, 0, 0, 0, 1, 0, 1, 0, 1, 1, 1, 0, 1, 0, 1, 1, 0, 0, 3, 0, 0, 0, 0, 0, 0, 1, 0, 0, 0, 0, 0, 8]"];
  S11 [label="[0, 0, 0, 0, 0, 0, 0, 0, 0, 0, 0, 0, 1, 0, 0, 0, 0, 0, 28, 12, 0, 1, 0, 1, 0, 1, 0, 1, 0, 1, 0, 1, 0, 1, 0, 0, 0, 3, 0, 0, 1, 0, 0, 0, 1, 0, 0, 0, 0, 0, 8]"];
  S12 [label="[0, 0, 0, 0, 0, 0, 0, 0, 0, 0, 0, 0, 1, 0, 0, 0, 0, 0, 28, 12, 0, 1, 0, 1, 0, 1, 0, 1, 0, 1, 0, 1, 0, 1, 1, 0, 0, 3, 0, 0, 0, 0, 0, 0, 1, 0, 0, 0, 0, 0, 8]"];
  S13 [label="[0, 0, 0, 0, 0, 0, 0, 0, 0, 0, 0, 0, 1, 0, 0, 0, 0, 0, 28, 12, 0, 1, 0, 1, 0, 1, 1, 1, 0, 1, 0, 1, 0, 1, 0, 0, 0, 3, 0, 0, 0, 0, 0, 0, 1, 0, 0, 0, 0, 0, 8]"];
  S14 [label="[0, 0, 0, 0, 0, 0, 0, 0, 0, 0, 0, 0, 1, 0, 0, 0, 0, 0, 28, 12, 0, 1, 0, 1, 0, 1, 0, 1, 0, 1, 1, 1, 0, 1, 0, 0, 0, 3, 0, 0, 0, 0, 0, 0, 1, 0, 0, 0, 0, 0, 8]"];
  S15 [label="[0, 0, 0, 0, 0, 0, 0, 0, 0, 0, 0, 0, 1, 0, 0, 0, 0, 0, 28, 12, 0, 1, 1, 1, 0, 1, 0, 1, 0, 1, 0, 1, 0, 1, 0, 0, 0, 3, 0, 0, 0, 0, 0, 0, 1, 0, 0, 0, 0, 0, 8]"];
  S16 [label="[0, 0, 0, 0, 0, 0, 0, 0, 0, 0, 0, 0, 1, 0, 0, 0, 0, 0, 28, 12, 0, 0, 0, 1, 0, 1, 0, 1, 0, 1, 0, 1, 0, 1, 0, 0, 0, 3, 1, 0, 0, 0, 0, 0, 1, 0, 0, 0, 0, 0, 8]"];
  S17 [label="[0, 0, 0, 0, 0, 0, 0, 0, 0, 0, 0, 0, 1, 0, 0, 0, 0, 0, 28, 12, 0, 0, 0, 1, 0, 1, 0, 1, 0, 1, 0, 1, 0, 1, 0, 0, 1, 3, 0, 0, 0, 0, 0, 0, 1, 0, 0, 0, 0, 0, 8]"];
  S18 [label="[ω, 0, 0, 0, 0, 0, 0, 0, 0, 0, 0, 0, 1, 0, 0, 0, 0, 0, 28, 12, 0, 0, 0, 1, 0, 1, 0, 1, 0, 1, 0, 1, 0, 1, 0, 0, 1, 3, 0, 0, 0, 0, 0, 0, 1, 0, 0, 0, 0, 0, 8]"];
  S19 [label="[0, 0, 0, 0, 0, 0, 0, 0, 0, 0, 0, 0, 1, 0, 0, 0, 0, 0, 28, 12, 0, 0, 0, 1, 0, 1, 0, 1, 0, 1, 0, 1, 0, 1, 0, 0, 0, 3, 0, 0, 0, 0, 0, 1, 1, 0, 0, 0, 0, 0, 8]"];
  S20 [label="[0, 0, 0, 0, 0, 0, 0, 0, 0, 0, 0, 1, 1, 0, 0, 0, 0, 0, 28, 12, 0, 0, 0, 1, 0, 1, 0, 1, 0, 1, 0, 1, 0, 1, 0, 0, 0, 3, 0, 0, 0, 0, 0, 0, 1, 0, 0, 0, 0, 1, 8]"];
  S21 [label="[0, 0, 0, 0, 0, 0, 0, 0, 0, 1, 1, 0, 1, 0, 0, 0, 0, 0, 28, 12, 0, 0, 0, 1, 0, 1, 0, 1, 0, 1, 0, 1, 0, 1, 0, 0, 0, 3, 0, 0, 0, 0, 0, 0, 1, 1, 0, 0, 0, 1, 8]"];
  S22 [label="[0, 0, 0, 0, 0, 0, 0, 0, 0, 1, 1, 0, 1, 0, 0, 0, 0, 0, 28, 12, 0, 0, 0, 1, 0, 1, 0, 1, 0, 1, 0, 1, 0, 1, 0, 0, 0, 3, 0, 0, 0, 0, 0, 0, 1, 0, 1, 0, 0, 1, 8]"];
  S23 [label="[0, 0, 0, 0, 0, 0, 0, 0, 0, 1, 0, 0, 1, 0, 0, 0, 0, 0, 28, 12, 0, 0, 0, 1, 0, 1, 0, 1, 0, 1, 0, 1, 0, 1, 0, 0, 0, 3, 0, 0, 0, 0, 0, 0, 1, 0, 0, 1, 0, 1, 8]"];
  S24 [label="[0, 0, 0, 0, 0, 0, 0, 0, 0, 1, 0, 0, 1, 0, 0, 0, 0, 0, 28, 12, 0, 0, 0, 1, 0, 1, 0, 1, 0, 1, 0, 1, 0, 1, 0, 0, 0, 3, 0, 0, 0, 0, 0, 0, 1, 0, 0, 0, 1, 1, 8]"];
  S25 [label="[0, 0, 0, 0, 0, 0, 0, 0, 0, ω, 0, 0, ω, 0, 1, 0, 0, 0, 28, 12, 0, 0, 0, 1, 0, 1, 0, 1, 0, 1, 0, 1, 0, 1, 0, 0, 0, 3, 0, 0, 0, 0, 0, 0, 1, 0, 0, 0, 0, ω, 8]"];
  S26 [label="[0, 0, 0, 0, 0, 0, 0, 0, 0, ω, 0, 0, ω, 1, 0, 0, 0, 0, 28, 12, 0, 0, 0, 1, 0, 1, 0, 1, 0, 1, 0, 1, 0, 1, 0, 0, 0, 3, 0, 0, 0, 0, 0, 0, 1, 0, 0, 0, 0, ω, 8]"];
  S27 [label="[0, 0, 0, 0, 0, 0, 0, 0, 0, ω, 0, 0, ω, 0, 0, 0, 0, 0, 28, 12, 0, 0, 0, 1, 0, 1, 0, 1, 0, 1, 0, 1, 0, 1, 0, 0, 0, 3, 0, 1, 1, 0, 0, 0, 1, 0, 0, 0, 0, ω, 8]"];
  S28 [label="[0, 0, 0, 0, 0, 0, 0, 0, 0, ω, 0, 0, ω, 0, 0, 0, 0, 0, 28, 12, 0, 0, 0, 1, 0, 1, 0, 1, 0, 1, 0, 1, 0, 1, 1, 0, 0, 3, 0, 1, 0, 0, 0, 0, 1, 0, 0, 0, 0, ω, 8]"];
  S29 [label="[0, 0, 0, 0, 0, 0, 0, 0, 0, ω, 0, 0, ω, 0, 0, 0, 0, 0, 28, 12, 0, 0, 0, 1, 0, 1, 0, 1, 0, 1, 0, 1, 1, 1, 0, 0, 0, 3, 0, 0, 1, 0, 0, 0, 1, 0, 0, 0, 0, ω, 8]"];
  S30 [label="[0, 0, 0, 0, 0, 0, 0, 0, 0, ω, 0, 0, ω, 0, 0, 0, 0, 0, 28, 12, 0, 0, 0, 1, 0, 1, 0, 1, 0, 1, 0, 1, 1, 1, 1, 0, 0, 3, 0, 0, 0, 0, 0, 0, 1, 0, 0, 0, 0, ω, 8]"];
  S31 [label="[0, 0, 0, 0, 0, 0, 0, 0, 0, ω, 0, 0, ω, 0, 0, 0, 0, 0, 28, 12, 0, 0, 0, 1, 1, 1, 0, 1, 0, 1, 0, 1, 0, 1, 0, 0, 0, 3, 0, 0, 1, 0, 0, 0, 1, 0, 0, 0, 0, ω, 8]"];
  S32 [label="[0, 0, 0, 0, 0, 0, 0, 0, 0, ω, 0, 0, ω, 0, 0, 0, 0, 0, 28, 12, 0, 0, 0, 1, 1, 1, 0, 1, 0, 1, 0, 1, 0, 1, 1, 0, 0, 3, 0, 0, 0, 0, 0, 0, 1, 0, 0, 0, 0, ω, 8]"];
  S33 [label="[0, 0, 0, 0, 0, 0, 0, 0, 0, ω, 0, 0, ω, 0, 0, 0, 0, 0, 28, 12, 0, 0, 0, 1, 0, 1, 0, 1, 1, 1, 0, 1, 0, 1, 0, 0, 0, 3, 0, 0, 1, 0, 0, 0, 1, 0, 0, 0, 0, ω, 8]"];
  S34 [label="[0, 0, 0, 0, 0, 0, 0, 0, 0, ω, 0, 0, ω, 0, 0, 0, 0, 0, 28, 12, 0, 0, 0, 1, 0, 1, 0, 1, 1, 1, 0, 1, 0, 1, 1, 0, 0, 3, 0, 0, 0, 0, 0, 0, 1, 0, 0, 0, 0, ω, 8]"];
  S35 [label="[0, 0, 0, 0, 0, 0, 0, 0, 0, ω, 0, 0, ω, 0, 0, 0, 0, 0, 28, 12, 0, 1, 0, 1, 0, 1, 0, 1, 0, 1, 0, 1, 0, 1, 0, 0, 0, 3, 0, 0, 1, 0, 0, 0, 1, 0, 0, 0, 0, ω, 8]"];
  S36 [label="[0, 0, 0, 0, 0, 0, 0, 0, 0, ω, 0, 0, ω, 0, 0, 0, 0, 0, 28, 12, 0, 1, 0, 1, 0, 1, 0, 1, 0, 1, 0, 1, 0, 1, 1, 0, 0, 3, 0, 0, 0, 0, 0, 0, 1, 0, 0, 0, 0, ω, 8]"];
  S37 [label="[0, 0, 0, 0, 0, 0, 0, 0, 0, ω, 0, 0, ω, 0, 0, 0, 0, 0, 28, 12, 0, 1, 0, 1, 0, 1, 1, 1, 0, 1, 0, 1, 0, 1, 0, 0, 0, 3, 0, 0, 0, 0, 0, 0, 1, 0, 0, 0, 0, ω, 8]"];
  S38 [label="[0, 0, 0, 0, 0, 0, 0, 0, 0, ω, 0, 0, ω, 0, 0, 0, 0, 0, 28, 12, 0, 1, 0, 1, 0, 1, 0, 1, 0, 1, 1, 1, 0, 1, 0, 0, 0, 3, 0, 0, 0, 0, 0, 0, 1, 0, 0, 0, 0, ω, 8]"];
  S39 [label="[0, 0, 0, 0, 0, 0, 0, 0, 0, ω, 0, 0, ω, 0, 0, 0, 0, 0, 28, 12, 0, 1, 1, 1, 0, 1, 0, 1, 0, 1, 0, 1, 0, 1, 0, 0, 0, 3, 0, 0, 0, 0, 0, 0, 1, 0, 0, 0, 0, ω, 8]"];
  S40 [label="[0, 0, 0, 0, 0, 0, 0, 0, 0, ω, 0, 0, ω, 0, 0, 0, 0, 0, 28, 12, 0, 0, 0, 1, 0, 1, 0, 1, 0, 1, 0, 1, 0, 1, 0, 0, 0, 3, 1, 0, 0, 0, 0, 0, 1, 0, 0, 0, 0, ω, 8]"];
  S41 [label="[0, 0, 0, 0, 0, 0, 0, 0, 0, ω, 0, 0, ω, 0, 0, 0, 0, 0, 28, 12, 0, 0, 0, 1, 0, 1, 0, 1, 0, 1, 0, 1, 0, 1, 0, 0, 1, 3, 0, 0, 0, 0, 0, 0, 1, 0, 0, 0, 0, ω, 8]"];
  S42 [label="[ω, 0, 0, 0, 0, 0, 0, 0, 0, ω, 0, 0, ω, 0, 0, 0, 0, 0, 28, 12, 0, 0, 0, 1, 0, 1, 0, 1, 0, 1, 0, 1, 0, 1, 0, 0, 1, 3, 0, 0, 0, 0, 0, 0, 1, 0, 0, 0, 0, ω, 8]"];
  S43 [label="[0, 0, 0, 0, 0, 0, 0, 0, 0, ω, 0, 0, ω, 0, 0, 0, 0, 0, 28, 12, 0, 0, 0, 1, 0, 1, 0, 1, 0, 1, 0, 1, 0, 1, 0, 0, 0, 3, 0, 0, 0, 0, 0, 1, 1, 0, 0, 0, 0, ω, 8]"];
  S44 [label="[ω, 0, 0, 0, 0, 0, 0, 0, 0, ω, 0, 0, ω, 0, 0, 0, 0, 0, 28, 12, 0, 0, 0, 1, 0, 1, 0, 1, 0, 1, 0, 1, 0, 1, 0, 0, 0, 3, 0, 0, 0, 0, 0, 1, 1, 0, 0, 0, 0, ω, 8]"];
  S45 [label="[0, 0, 0, 0, 0, 0, 0, 0, 0, ω, 0, 0, ω, 0, 0, 0, 0, 0, 28, 12, 0, 0, 0, 1, 0, 1, 1, 1, 1, 1, 0, 1, 0, 1, 0, 0, 0, 3, 0, 0, 0, 0, 0, 0, 1, 0, 0, 0, 0, ω, 8]"];
  S46 [label="[0, 0, 0, 0, 0, 0, 0, 0, 0, ω, 0, 0, ω, 0, 0, 0, 0, 0, 28, 12, 0, 0, 0, 1, 0, 1, 0, 1, 1, 1, 1, 1, 0, 1, 0, 0, 0, 3, 0, 0, 0, 0, 0, 0, 1, 0, 0, 0, 0, ω, 8]"];
  S47 [label="[0, 0, 0, 0, 0, 0, 0, 0, 0, ω, 0, 0, ω, 0, 0, 0, 0, 0, 28, 12, 0, 0, 1, 1, 0, 1, 0, 1, 1, 1, 0, 1, 0, 1, 0, 0, 0, 3, 0, 0, 0, 0, 0, 0, 1, 0, 0, 0, 0, ω, 8]"];
  S48 [label="[0, 0, 0, 0, 0, 0, 0, 0, 0, ω, 0, 0, ω, 0, 0, 0, 0, 0, 28, 12, 0, 0, 0, 1, 1, 1, 1, 1, 0, 1, 0, 1, 0, 1, 0, 0, 0, 3, 0, 0, 0, 0, 0, 0, 1, 0, 0, 0, 0, ω, 8]"];
  S49 [label="[0, 0, 0, 0, 0, 0, 0, 0, 0, ω, 0, 0, ω, 0, 0, 0, 0, 0, 28, 12, 0, 0, 0, 1, 1, 1, 0, 1, 0, 1, 1, 1, 0, 1, 0, 0, 0, 3, 0, 0, 0, 0, 0, 0, 1, 0, 0, 0, 0, ω, 8]"];
  S50 [label="[0, 0, 0, 0, 0, 0, 0, 0, 0, ω, 0, 0, ω, 0, 0, 0, 0, 0, 28, 12, 0, 0, 1, 1, 1, 1, 0, 1, 0, 1, 0, 1, 0, 1, 0, 0, 0, 3, 0, 0, 0, 0, 0, 0, 1, 0, 0, 0, 0, ω, 8]"];
  S51 [label="[0, 0, 0, 0, 0, 0, 0, 0, 0, ω, 0, 0, ω, 0, 0, 0, 0, 0, 28, 12, 0, 0, 0, 1, 0, 1, 1, 1, 0, 1, 0, 1, 1, 1, 0, 0, 0, 3, 0, 0, 0, 0, 0, 0, 1, 0, 0, 0, 0, ω, 8]"];
  S52 [label="[0, 0, 0, 0, 0, 0, 0, 0, 0, ω, 0, 0, ω, 0, 0, 0, 0, 0, 28, 12, 0, 0, 0, 1, 0, 1, 0, 1, 0, 1, 1, 1, 1, 1, 0, 0, 0, 3, 0, 0, 0, 0, 0, 0, 1, 0, 0, 0, 0, ω, 8]"];
  S53 [label="[0, 0, 0, 0, 0, 0, 0, 0, 0, ω, 0, 0, ω, 0, 0, 0, 0, 0, 28, 12, 0, 0, 1, 1, 0, 1, 0, 1, 0, 1, 0, 1, 1, 1, 0, 0, 0, 3, 0, 0, 0, 0, 0, 0, 1, 0, 0, 0, 0, ω, 8]"];
  S54 [label="[0, 0, 0, 0, 0, 0, 0, 0, 0, ω, 0, 0, ω, 0, 0, 0, 0, 0, 28, 12, 0, 0, 0, 1, 0, 1, 1, 1, 0, 1, 0, 1, 0, 1, 0, 0, 0, 3, 0, 1, 0, 0, 0, 0, 1, 0, 0, 0, 0, ω, 8]"];
  S55 [label="[0, 0, 0, 0, 0, 0, 0, 0, 0, ω, 0, 0, ω, 0, 0, 0, 0, 0, 28, 12, 0, 0, 0, 1, 0, 1, 0, 1, 0, 1, 1, 1, 0, 1, 0, 0, 0, 3, 0, 1, 0, 0, 0, 0, 1, 0, 0, 0, 0, ω, 8]"];
  S56 [label="[0, 0, 0, 0, 0, 0, 0, 0, 0, ω, 0, 0, ω, 0, 0, 0, 0, 0, 28, 12, 0, 0, 1, 1, 0, 1, 0, 1, 0, 1, 0, 1, 0, 1, 0, 0, 0, 3, 0, 1, 0, 0, 0, 0, 1, 0, 0, 0, 0, ω, 8]"];
  S57 [label="[ω, 0, 0, 0, 0, 0, 0, 0, 0, 0, 0, 0, 1, 0, 0, 0, 0, 0, 28, 12, 0, 0, 0, 1, 0, 1, 0, 1, 0, 1, 0, 1, 0, 1, 0, 0, 0, 3, 0, 0, 0, 0, 0, 1, 1, 0, 0, 0, 0, 0, 8]"];
  S58 [label="[ω, 0, 0, 0, 0, 0, 0, 0, 0, 0, 0, 1, 1, 0, 0, 0, 0, 0, 28, 12, 0, 0, 0, 1, 0, 1, 0, 1, 0, 1, 0, 1, 0, 1, 0, 0, 0, 3, 0, 0, 0, 0, 0, 0, 1, 0, 0, 0, 0, 1, 8]"];
  S59 [label="[ω, 0, 0, 0, 0, 0, 0, 0, 0, 1, 1, 0, 1, 0, 0, 0, 0, 0, 28, 12, 0, 0, 0, 1, 0, 1, 0, 1, 0, 1, 0, 1, 0, 1, 0, 0, 0, 3, 0, 0, 0, 0, 0, 0, 1, 1, 0, 0, 0, 1, 8]"];
  S60 [label="[ω, 0, 0, 0, 0, 0, 0, 0, 0, 1, 1, 0, 1, 0, 0, 0, 0, 0, 28, 12, 0, 0, 0, 1, 0, 1, 0, 1, 0, 1, 0, 1, 0, 1, 0, 0, 0, 3, 0, 0, 0, 0, 0, 0, 1, 0, 1, 0, 0, 1, 8]"];
  S61 [label="[ω, 0, 0, 0, 0, 0, 0, 0, 0, 1, 0, 0, 1, 0, 0, 0, 0, 0, 28, 12, 0, 0, 0, 1, 0, 1, 0, 1, 0, 1, 0, 1, 0, 1, 0, 0, 0, 3, 0, 0, 0, 0, 0, 0, 1, 0, 0, 1, 0, 1, 8]"];
  S62 [label="[ω, 0, 0, 0, 0, 0, 0, 0, 0, 1, 0, 0, 1, 0, 0, 0, 0, 0, 28, 12, 0, 0, 0, 1, 0, 1, 0, 1, 0, 1, 0, 1, 0, 1, 0, 0, 0, 3, 0, 0, 0, 0, 0, 0, 1, 0, 0, 0, 1, 1, 8]"];
  S63 [label="[ω, 0, 0, 0, 0, 0, 0, 0, 0, ω, 0, 0, ω, 0, 1, 0, 0, 0, 28, 12, 0, 0, 0, 1, 0, 1, 0, 1, 0, 1, 0, 1, 0, 1, 0, 0, 0, 3, 0, 0, 0, 0, 0, 0, 1, 0, 0, 0, 0, ω, 8]"];
  S64 [label="[ω, 0, 0, 0, 0, 0, 0, 0, 0, ω, 0, 0, ω, 1, 0, 0, 0, 0, 28, 12, 0, 0, 0, 1, 0, 1, 0, 1, 0, 1, 0, 1, 0, 1, 0, 0, 0, 3, 0, 0, 0, 0, 0, 0, 1, 0, 0, 0, 0, ω, 8]"];
  S65 [label="[ω, 0, 0, 0, 0, 0, 0, 0, 0, ω, 0, 0, ω, 0, 0, 0, 0, 0, 28, 12, 0, 0, 0, 1, 0, 1, 0, 1, 0, 1, 0, 1, 0, 1, 0, 0, 0, 3, 0, 1, 1, 0, 0, 0, 1, 0, 0, 0, 0, ω, 8]"];
  S66 [label="[ω, 0, 0, 0, 0, 0, 0, 0, 0, ω, 0, 0, ω, 0, 0, 0, 0, 0, 28, 12, 0, 0, 0, 1, 0, 1, 0, 1, 0, 1, 0, 1, 0, 1, 1, 0, 0, 3, 0, 1, 0, 0, 0, 0, 1, 0, 0, 0, 0, ω, 8]"];
  S67 [label="[ω, 0, 0, 0, 0, 0, 0, 0, 0, ω, 0, 0, ω, 0, 0, 0, 0, 0, 28, 12, 0, 0, 0, 1, 0, 1, 0, 1, 0, 1, 0, 1, 1, 1, 0, 0, 0, 3, 0, 0, 1, 0, 0, 0, 1, 0, 0, 0, 0, ω, 8]"];
  S68 [label="[ω, 0, 0, 0, 0, 0, 0, 0, 0, ω, 0, 0, ω, 0, 0, 0, 0, 0, 28, 12, 0, 0, 0, 1, 0, 1, 0, 1, 0, 1, 0, 1, 1, 1, 1, 0, 0, 3, 0, 0, 0, 0, 0, 0, 1, 0, 0, 0, 0, ω, 8]"];
  S69 [label="[ω, 0, 0, 0, 0, 0, 0, 0, 0, ω, 0, 0, ω, 0, 0, 0, 0, 0, 28, 12, 0, 0, 0, 1, 1, 1, 0, 1, 0, 1, 0, 1, 0, 1, 0, 0, 0, 3, 0, 0, 1, 0, 0, 0, 1, 0, 0, 0, 0, ω, 8]"];
  S70 [label="[ω, 0, 0, 0, 0, 0, 0, 0, 0, ω, 0, 0, ω, 0, 0, 0, 0, 0, 28, 12, 0, 0, 0, 1, 1, 1, 0, 1, 0, 1, 0, 1, 0, 1, 1, 0, 0, 3, 0, 0, 0, 0, 0, 0, 1, 0, 0, 0, 0, ω, 8]"];
  S71 [label="[ω, 0, 0, 0, 0, 0, 0, 0, 0, ω, 0, 0, ω, 0, 0, 0, 0, 0, 28, 12, 0, 0, 0, 1, 0, 1, 0, 1, 1, 1, 0, 1, 0, 1, 0, 0, 0, 3, 0, 0, 1, 0, 0, 0, 1, 0, 0, 0, 0, ω, 8]"];
  S72 [label="[ω, 0, 0, 0, 0, 0, 0, 0, 0, ω, 0, 0, ω, 0, 0, 0, 0, 0, 28, 12, 0, 0, 0, 1, 0, 1, 0, 1, 1, 1, 0, 1, 0, 1, 1, 0, 0, 3, 0, 0, 0, 0, 0, 0, 1, 0, 0, 0, 0, ω, 8]"];
  S73 [label="[ω, 0, 0, 0, 0, 0, 0, 0, 0, ω, 0, 0, ω, 0, 0, 0, 0, 0, 28, 12, 0, 1, 0, 1, 0, 1, 0, 1, 0, 1, 0, 1, 0, 1, 0, 0, 0, 3, 0, 0, 1, 0, 0, 0, 1, 0, 0, 0, 0, ω, 8]"];
  S74 [label="[ω, 0, 0, 0, 0, 0, 0, 0, 0, ω, 0, 0, ω, 0, 0, 0, 0, 0, 28, 12, 0, 1, 0, 1, 0, 1, 0, 1, 0, 1, 0, 1, 0, 1, 1, 0, 0, 3, 0, 0, 0, 0, 0, 0, 1, 0, 0, 0, 0, ω, 8]"];
  S75 [label="[ω, 0, 0, 0, 0, 0, 0, 0, 0, ω, 0, 0, ω, 0, 0, 0, 0, 0, 28, 12, 0, 1, 0, 1, 0, 1, 1, 1, 0, 1, 0, 1, 0, 1, 0, 0, 0, 3, 0, 0, 0, 0, 0, 0, 1, 0, 0, 0, 0, ω, 8]"];
  S76 [label="[ω, 0, 0, 0, 0, 0, 0, 0, 0, ω, 0, 0, ω, 0, 0, 0, 0, 0, 28, 12, 0, 1, 0, 1, 0, 1, 0, 1, 0, 1, 1, 1, 0, 1, 0, 0, 0, 3, 0, 0, 0, 0, 0, 0, 1, 0, 0, 0, 0, ω, 8]"];
  S77 [label="[ω, 0, 0, 0, 0, 0, 0, 0, 0, ω, 0, 0, ω, 0, 0, 0, 0, 0, 28, 12, 0, 1, 1, 1, 0, 1, 0, 1, 0, 1, 0, 1, 0, 1, 0, 0, 0, 3, 0, 0, 0, 0, 0, 0, 1, 0, 0, 0, 0, ω, 8]"];
  S78 [label="[ω, 0, 0, 0, 0, 0, 0, 0, 0, ω, 0, 0, ω, 0, 0, 0, 0, 0, 28, 12, 0, 0, 0, 1, 0, 1, 0, 1, 0, 1, 0, 1, 0, 1, 0, 0, 0, 3, 1, 0, 0, 0, 0, 0, 1, 0, 0, 0, 0, ω, 8]"];
  S79 [label="[ω, 0, 0, 0, 0, 0, 0, 0, 0, ω, 0, 0, ω, 0, 0, 1, 0, 0, 28, 12, 0, 0, 0, 1, 0, 1, 0, 1, 0, 1, 0, 1, 0, 1, 0, 0, 0, 2, 1, 0, 0, 0, 0, 0, 1, 0, 0, 0, 0, ω, 8]"];
  S80 [label="[ω, 0, 0, 0, 0, 0, 0, 0, 0, ω, 0, 0, ω, 0, 0, 2, 0, 0, 28, 12, 0, 0, 0, 1, 0, 1, 0, 1, 0, 1, 0, 1, 0, 1, 0, 0, 0, 1, 1, 0, 0, 0, 0, 0, 1, 0, 0, 0, 0, ω, 8]"];
  S81 [label="[ω, 0, 0, 0, 0, 0, 0, 0, 0, ω, 0, 0, ω, 0, 0, 3, 0, 0, 28, 12, 0, 0, 0, 1, 0, 1, 0, 1, 0, 1, 0, 1, 0, 1, 0, 0, 0, 0, 1, 0, 0, 0, 0, 0, 1, 0, 0, 0, 0, ω, 8]"];
  S82 [label="[ω, 0, 0, 0, 0, 0, 0, 0, 0, ω, 0, 0, ω, 0, 0, 3, 0, 0, 28, 12, 0, 0, 0, 1, 0, 1, 0, 1, 0, 1, 0, 1, 0, 1, 0, 0, 1, 0, 0, 0, 0, 0, 0, 0, 1, 0, 0, 0, 0, ω, 8]"];
  S83 [label="[ω, 0, 0, 0, 0, 0, 0, 0, 0, ω, 0, 0, ω, 0, 0, 3, 0, 0, 28, 12, 0, 0, 0, 1, 0, 1, 0, 1, 0, 1, 0, 1, 0, 1, 0, 0, 0, 0, 0, 0, 0, 0, 0, 1, 1, 0, 0, 0, 0, ω, 8]"];
  S84 [label="[ω, 0, 0, 0, 0, 0, 0, 0, 0, ω, 0, 0, ω, 0, 0, 0, 0, 0, 28, 12, 0, 0, 0, 1, 0, 1, 1, 1, 1, 1, 0, 1, 0, 1, 0, 0, 0, 3, 0, 0, 0, 0, 0, 0, 1, 0, 0, 0, 0, ω, 8]"];
  S85 [label="[ω, 0, 0, 0, 0, 0, 0, 0, 0, ω, 0, 0, ω, 0, 0, 0, 0, 0, 28, 12, 0, 0, 0, 1, 0, 1, 0, 1, 1, 1, 1, 1, 0, 1, 0, 0, 0, 3, 0, 0, 0, 0, 0, 0, 1, 0, 0, 0, 0, ω, 8]"];
  S86 [label="[ω, 0, 0, 0, 0, 0, 0, 0, 0, ω, 0, 0, ω, 0, 0, 0, 0, 0, 28, 12, 0, 0, 1, 1, 0, 1, 0, 1, 1, 1, 0, 1, 0, 1, 0, 0, 0, 3, 0, 0, 0, 0, 0, 0, 1, 0, 0, 0, 0, ω, 8]"];
  S87 [label="[ω, 0, 0, 0, 0, 0, 0, 0, 0, ω, 0, 0, ω, 0, 0, 0, 0, 0, 28, 12, 0, 0, 0, 1, 1, 1, 1, 1, 0, 1, 0, 1, 0, 1, 0, 0, 0, 3, 0, 0, 0, 0, 0, 0, 1, 0, 0, 0, 0, ω, 8]"];
  S88 [label="[ω, 0, 0, 0, 0, 0, 0, 0, 0, ω, 0, 0, ω, 0, 0, 0, 0, 0, 28, 12, 0, 0, 0, 1, 1, 1, 0, 1, 0, 1, 1, 1, 0, 1, 0, 0, 0, 3, 0, 0, 0, 0, 0, 0, 1, 0, 0, 0, 0, ω, 8]"];
  S89 [label="[ω, 0, 0, 0, 0, 0, 0, 0, 0, ω, 0, 0, ω, 0, 0, 0, 0, 0, 28, 12, 0, 0, 1, 1, 1, 1, 0, 1, 0, 1, 0, 1, 0, 1, 0, 0, 0, 3, 0, 0, 0, 0, 0, 0, 1, 0, 0, 0, 0, ω, 8]"];
  S90 [label="[ω, 0, 0, 0, 0, 0, 0, 0, 0, ω, 0, 0, ω, 0, 0, 0, 0, 0, 28, 12, 0, 0, 0, 1, 0, 1, 1, 1, 0, 1, 0, 1, 1, 1, 0, 0, 0, 3, 0, 0, 0, 0, 0, 0, 1, 0, 0, 0, 0, ω, 8]"];
  S91 [label="[ω, 0, 0, 0, 0, 0, 0, 0, 0, ω, 0, 0, ω, 0, 0, 0, 0, 0, 28, 12, 0, 0, 0, 1, 0, 1, 0, 1, 0, 1, 1, 1, 1, 1, 0, 0, 0, 3, 0, 0, 0, 0, 0, 0, 1, 0, 0, 0, 0, ω, 8]"];
  S92 [label="[ω, 0, 0, 0, 0, 0, 0, 0, 0, ω, 0, 0, ω, 0, 0, 0, 0, 0, 28, 12, 0, 0, 1, 1, 0, 1, 0, 1, 0, 1, 0, 1, 1, 1, 0, 0, 0, 3, 0, 0, 0, 0, 0, 0, 1, 0, 0, 0, 0, ω, 8]"];
  S93 [label="[ω, 0, 0, 0, 0, 0, 0, 0, 0, ω, 0, 0, ω, 0, 0, 0, 0, 0, 28, 12, 0, 0, 0, 1, 0, 1, 1, 1, 0, 1, 0, 1, 0, 1, 0, 0, 0, 3, 0, 1, 0, 0, 0, 0, 1, 0, 0, 0, 0, ω, 8]"];
  S94 [label="[ω, 0, 0, 0, 0, 0, 0, 0, 0, ω, 0, 0, ω, 0, 0, 0, 0, 0, 28, 12, 0, 0, 0, 1, 0, 1, 0, 1, 0, 1, 1, 1, 0, 1, 0, 0, 0, 3, 0, 1, 0, 0, 0, 0, 1, 0, 0, 0, 0, ω, 8]"];
  S95 [label="[ω, 0, 0, 0, 0, 0, 0, 0, 0, ω, 0, 0, ω, 0, 0, 0, 0, 0, 28, 12, 0, 0, 1, 1, 0, 1, 0, 1, 0, 1, 0, 1, 0, 1, 0, 0, 0, 3, 0, 1, 0, 0, 0, 0, 1, 0, 0, 0, 0, ω, 8]"];
  S96 [label="[0, 0, 0, 0, 0, 0, 0, 0, 0, 0, 0, 0, 1, 0, 0, 0, 0, 0, 28, 12, 0, 0, 0, 1, 0, 1, 1, 1, 1, 1, 0, 1, 0, 1, 0, 0, 0, 3, 0, 0, 0, 0, 0, 0, 1, 0, 0, 0, 0, 0, 8]"];
  S97 [label="[0, 0, 0, 0, 0, 0, 0, 0, 0, 0, 0, 0, 1, 0, 0, 0, 0, 0, 28, 12, 0, 0, 0, 1, 0, 1, 0, 1, 1, 1, 1, 1, 0, 1, 0, 0, 0, 3, 0, 0, 0, 0, 0, 0, 1, 0, 0, 0, 0, 0, 8]"];
  S98 [label="[0, 0, 0, 0, 0, 0, 0, 0, 0, 0, 0, 0, 1, 0, 0, 0, 0, 0, 28, 12, 0, 0, 1, 1, 0, 1, 0, 1, 1, 1, 0, 1, 0, 1, 0, 0, 0, 3, 0, 0, 0, 0, 0, 0, 1, 0, 0, 0, 0, 0, 8]"];
  S99 [label="[0, 0, 0, 0, 0, 0, 0, 0, 0, 0, 0, 0, 1, 0, 0, 0, 0, 0, 28, 12, 0, 0, 0, 1, 1, 1, 1, 1, 0, 1, 0, 1, 0, 1, 0, 0, 0, 3, 0, 0, 0, 0, 0, 0, 1, 0, 0, 0, 0, 0, 8]"];
  S100 [label="[0, 0, 0, 0, 0, 0, 0, 0, 0, 0, 0, 0, 1, 0, 0, 0, 0, 0, 28, 12, 0, 0, 0, 1, 1, 1, 0, 1, 0, 1, 1, 1, 0, 1, 0, 0, 0, 3, 0, 0, 0, 0, 0, 0, 1, 0, 0, 0, 0, 0, 8]"];
  S101 [label="[0, 0, 0, 0, 0, 0, 0, 0, 0, 0, 0, 0, 1, 0, 0, 0, 0, 0, 28, 12, 0, 0, 1, 1, 1, 1, 0, 1, 0, 1, 0, 1, 0, 1, 0, 0, 0, 3, 0, 0, 0, 0, 0, 0, 1, 0, 0, 0, 0, 0, 8]"];
  S102 [label="[0, 0, 0, 0, 0, 0, 0, 0, 0, 0, 0, 0, 1, 0, 0, 0, 0, 0, 28, 12, 0, 0, 0, 1, 0, 1, 1, 1, 0, 1, 0, 1, 1, 1, 0, 0, 0, 3, 0, 0, 0, 0, 0, 0, 1, 0, 0, 0, 0, 0, 8]"];
  S103 [label="[0, 0, 0, 0, 0, 0, 0, 0, 0, 0, 0, 0, 1, 0, 0, 0, 0, 0, 28, 12, 0, 0, 0, 1, 0, 1, 0, 1, 0, 1, 1, 1, 1, 1, 0, 0, 0, 3, 0, 0, 0, 0, 0, 0, 1, 0, 0, 0, 0, 0, 8]"];
  S104 [label="[0, 0, 0, 0, 0, 0, 0, 0, 0, 0, 0, 0, 1, 0, 0, 0, 0, 0, 28, 12, 0, 0, 1, 1, 0, 1, 0, 1, 0, 1, 0, 1, 1, 1, 0, 0, 0, 3, 0, 0, 0, 0, 0, 0, 1, 0, 0, 0, 0, 0, 8]"];
  S105 [label="[0, 0, 0, 0, 0, 0, 0, 0, 0, 0, 0, 0, 1, 0, 0, 0, 0, 0, 28, 12, 0, 0, 0, 1, 0, 1, 1, 1, 0, 1, 0, 1, 0, 1, 0, 0, 0, 3, 0, 1, 0, 0, 0, 0, 1, 0, 0, 0, 0, 0, 8]"];
  S106 [label="[0, 0, 0, 0, 0, 0, 0, 0, 0, 0, 0, 0, 1, 0, 0, 0, 0, 0, 28, 12, 0, 0, 0, 1, 0, 1, 0, 1, 0, 1, 1, 1, 0, 1, 0, 0, 0, 3, 0, 1, 0, 0, 0, 0, 1, 0, 0, 0, 0, 0, 8]"];
  S107 [label="[0, 0, 0, 0, 0, 0, 0, 0, 0, 0, 0, 0, 1, 0, 0, 0, 0, 0, 28, 12, 0, 0, 1, 1, 0, 1, 0, 1, 0, 1, 0, 1, 0, 1, 0, 0, 0, 3, 0, 1, 0, 0, 0, 0, 1, 0, 0, 0, 0, 0, 8]"];
  S0 -> S1 [label="Ship_Move.Init_Passage"];
  S1 -> S2 [label="Clock.Tick"];
  S2 -> S3 [label="Ship_Move.Passage_Out_Skip"];
  S3 -> S4 [label="Ship_Move.Passage_Out_B_Skip1"];
  S3 -> S5 [label="Ship_Move.Passage_Out_A_Skip1"];
  S5 -> S6 [label="Ship_Move.Passage_Out_B_Skip1"];
  S5 -> S7 [label="Ship_Move.Berth_Out_A_Skip1"];
  S7 -> S8 [label="Ship_Move.Passage_Out_B_Skip1"];
  S7 -> S9 [label="Ship_Move.Berth_A_Skip1"];
  S9 -> S10 [label="Ship_Move.Passage_Out_B_Skip1"];
  S9 -> S11 [label="Ship_Move.Passage_In_A_Skip2"];
  S11 -> S12 [label="Ship_Move.Passage_Out_B_Skip1"];
  S12 -> S13 [label="Ship_Move.Berth_Out_B_Skip1"];
  S13 -> S14 [label="Ship_Move.Berth_B_Skip1"];
  S14 -> S15 [label="Ship_Move.Passage_In_B_Skip2"];
  S15 -> S16 [label="Ship_Move.Berth_MovedT"];
  S16 -> S17 [label="Ship_Move.Passage_In_Skip2"];
  S17 -> S18 [label="Ship_Move.Generate_ship"];
  S17 -> S19 [label="Ship_Move.Generator_Skip"];
  S19 -> S20 [label="Clock.ReInit_Workers"];
  S20 -> S21 [label="Clock.Work_First_A"];
  S21 -> S22 [label="Ship_Move.Work_A_Skip1"];
  S22 -> S23 [label="Clock.Work_Next_B"];
  S23 -> S24 [label="Ship_Move.Work_B_Skip1"];
  S24 -> S25 [label="Clock.Next_TickB"];
  S25 -> S26 [label="Clock.Tick"];
  S26 -> S27 [label="Ship_Move.Passage_Out_Skip"];
  S27 -> S28 [label="Ship_Move.Passage_Out_B_Skip1"];
  S27 -> S29 [label="Ship_Move.Passage_Out_A_Skip1"];
  S29 -> S30 [label="Ship_Move.Passage_Out_B_Skip1"];
  S29 -> S31 [label="Ship_Move.Berth_Out_A_Skip1"];
  S31 -> S32 [label="Ship_Move.Passage_Out_B_Skip1"];
  S31 -> S33 [label="Ship_Move.Berth_A_Skip1"];
  S33 -> S34 [label="Ship_Move.Passage_Out_B_Skip1"];
  S33 -> S35 [label="Ship_Move.Passage_In_A_Skip2"];
  S35 -> S36 [label="Ship_Move.Passage_Out_B_Skip1"];
  S36 -> S37 [label="Ship_Move.Berth_Out_B_Skip1"];
  S37 -> S38 [label="Ship_Move.Berth_B_Skip1"];
  S38 -> S39 [label="Ship_Move.Passage_In_B_Skip2"];
  S39 -> S40 [label="Ship_Move.Berth_MovedT"];
  S40 -> S41 [label="Ship_Move.Passage_In_Skip2"];
  S41 -> S42 [label="Ship_Move.Generate_ship"];
  S41 -> S43 [label="Ship_Move.Generator_Skip"];
  S43 -> S43 [label="Clock.Consume_Workers"];
  S42 -> S42 [label="Ship_Move.Generate_ship"];
  S42 -> S44 [label="Ship_Move.Generator_Skip"];
  S44 -> S44 [label="Clock.Consume_Workers"];
  S34 -> S45 [label="Ship_Move.Berth_Out_B_Skip1"];
  S34 -> S36 [label="Ship_Move.Passage_In_A_Skip2"];
  S45 -> S46 [label="Ship_Move.Berth_B_Skip1"];
  S45 -> S37 [label="Ship_Move.Passage_In_A_Skip2"];
  S46 -> S47 [label="Ship_Move.Passage_In_B_Skip2"];
  S46 -> S38 [label="Ship_Move.Passage_In_A_Skip2"];
  S47 -> S39 [label="Ship_Move.Passage_In_A_Skip2"];
  S32 -> S48 [label="Ship_Move.Berth_Out_B_Skip1"];
  S32 -> S34 [label="Ship_Move.Berth_A_Skip1"];
  S48 -> S49 [label="Ship_Move.Berth_B_Skip1"];
  S48 -> S45 [label="Ship_Move.Berth_A_Skip1"];
  S49 -> S46 [label="Ship_Move.Berth_A_Skip1"];
  S49 -> S50 [label="Ship_Move.Passage_In_B_Skip2"];
  S50 -> S47 [label="Ship_Move.Berth_A_Skip1"];
  S30 -> S51 [label="Ship_Move.Berth_Out_B_Skip1"];
  S30 -> S32 [label="Ship_Move.Berth_Out_A_Skip1"];
  S51 -> S52 [label="Ship_Move.Berth_B_Skip1"];
  S51 -> S48 [label="Ship_Move.Berth_Out_A_Skip1"];
  S52 -> S49 [label="Ship_Move.Berth_Out_A_Skip1"];
  S52 -> S53 [label="Ship_Move.Passage_In_B_Skip2"];
  S53 -> S50 [label="Ship_Move.Berth_Out_A_Skip1"];
  S28 -> S54 [label="Ship_Move.Berth_Out_B_Skip1"];
  S28 -> S30 [label="Ship_Move.Passage_Out_A_Skip1"];
  S54 -> S55 [label="Ship_Move.Berth_B_Skip1"];
  S54 -> S51 [label="Ship_Move.Passage_Out_A_Skip1"];
  S55 -> S52 [label="Ship_Move.Passage_Out_A_Skip1"];
  S55 -> S56 [label="Ship_Move.Passage_In_B_Skip2"];
  S56 -> S53 [label="Ship_Move.Passage_Out_A_Skip1"];
  S18 -> S18 [label="Ship_Move.Generate_ship"];
  S18 -> S57 [label="Ship_Move.Generator_Skip"];
  S57 -> S58 [label="Clock.ReInit_Workers"];
  S58 -> S59 [label="Clock.Work_First_A"];
  S59 -> S60 [label="Ship_Move.Work_A_Skip1"];
  S60 -> S61 [label="Clock.Work_Next_B"];
  S61 -> S62 [label="Ship_Move.Work_B_Skip1"];
  S62 -> S63 [label="Clock.Next_TickB"];
  S63 -> S64 [label="Clock.Tick"];
  S64 -> S65 [label="Ship_Move.Passage_Out_Skip"];
  S65 -> S66 [label="Ship_Move.Passage_Out_B_Skip1"];
  S65 -> S67 [label="Ship_Move.Passage_Out_A_Skip1"];
  S67 -> S68 [label="Ship_Move.Passage_Out_B_Skip1"];
  S67 -> S69 [label="Ship_Move.Berth_Out_A_Skip1"];
  S69 -> S70 [label="Ship_Move.Passage_Out_B_Skip1"];
  S69 -> S71 [label="Ship_Move.Berth_A_Skip1"];
  S71 -> S72 [label="Ship_Move.Passage_Out_B_Skip1"];
  S71 -> S73 [label="Ship_Move.Passage_In_A_Skip2"];
  S73 -> S74 [label="Ship_Move.Passage_Out_B_Skip1"];
  S74 -> S75 [label="Ship_Move.Berth_Out_B_Skip1"];
  S75 -> S76 [label="Ship_Move.Berth_B_Skip1"];
  S76 -> S77 [label="Ship_Move.Passage_In_B_Skip2"];
  S77 -> S78 [label="Ship_Move.Berth_MovedT"];
  S78 -> S79 [label="Ship_Move.Passage_InT"];
  S79 -> S80 [label="Ship_Move.Passage_InT"];
  S80 -> S81 [label="Ship_Move.Passage_InT"];
  S81 -> S82 [label="Ship_Move.Passage_In_Skip1"];
  S82 -> S82 [label="Ship_Move.Generate_ship"];
  S82 -> S83 [label="Ship_Move.Generator_Skip"];
  S83 -> S83 [label="Clock.Consume_Workers"];
  S72 -> S84 [label="Ship_Move.Berth_Out_B_Skip1"];
  S72 -> S74 [label="Ship_Move.Passage_In_A_Skip2"];
  S84 -> S85 [label="Ship_Move.Berth_B_Skip1"];
  S84 -> S75 [label="Ship_Move.Passage_In_A_Skip2"];
  S85 -> S86 [label="Ship_Move.Passage_In_B_Skip2"];
  S85 -> S76 [label="Ship_Move.Passage_In_A_Skip2"];
  S86 -> S77 [label="Ship_Move.Passage_In_A_Skip2"];
  S70 -> S87 [label="Ship_Move.Berth_Out_B_Skip1"];
  S70 -> S72 [label="Ship_Move.Berth_A_Skip1"];
  S87 -> S88 [label="Ship_Move.Berth_B_Skip1"];
  S87 -> S84 [label="Ship_Move.Berth_A_Skip1"];
  S88 -> S85 [label="Ship_Move.Berth_A_Skip1"];
  S88 -> S89 [label="Ship_Move.Passage_In_B_Skip2"];
  S89 -> S86 [label="Ship_Move.Berth_A_Skip1"];
  S68 -> S90 [label="Ship_Move.Berth_Out_B_Skip1"];
  S68 -> S70 [label="Ship_Move.Berth_Out_A_Skip1"];
  S90 -> S91 [label="Ship_Move.Berth_B_Skip1"];
  S90 -> S87 [label="Ship_Move.Berth_Out_A_Skip1"];
  S91 -> S88 [label="Ship_Move.Berth_Out_A_Skip1"];
  S91 -> S92 [label="Ship_Move.Passage_In_B_Skip2"];
  S92 -> S89 [label="Ship_Move.Berth_Out_A_Skip1"];
  S66 -> S93 [label="Ship_Move.Berth_Out_B_Skip1"];
  S66 -> S68 [label="Ship_Move.Passage_Out_A_Skip1"];
  S93 -> S94 [label="Ship_Move.Berth_B_Skip1"];
  S93 -> S90 [label="Ship_Move.Passage_Out_A_Skip1"];
  S94 -> S91 [label="Ship_Move.Passage_Out_A_Skip1"];
  S94 -> S95 [label="Ship_Move.Passage_In_B_Skip2"];
  S95 -> S92 [label="Ship_Move.Passage_Out_A_Skip1"];
  S10 -> S96 [label="Ship_Move.Berth_Out_B_Skip1"];
  S10 -> S12 [label="Ship_Move.Passage_In_A_Skip2"];
  S96 -> S97 [label="Ship_Move.Berth_B_Skip1"];
  S96 -> S13 [label="Ship_Move.Passage_In_A_Skip2"];
  S97 -> S98 [label="Ship_Move.Passage_In_B_Skip2"];
  S97 -> S14 [label="Ship_Move.Passage_In_A_Skip2"];
  S98 -> S15 [label="Ship_Move.Passage_In_A_Skip2"];
  S8 -> S99 [label="Ship_Move.Berth_Out_B_Skip1"];
  S8 -> S10 [label="Ship_Move.Berth_A_Skip1"];
  S99 -> S100 [label="Ship_Move.Berth_B_Skip1"];
  S99 -> S96 [label="Ship_Move.Berth_A_Skip1"];
  S100 -> S97 [label="Ship_Move.Berth_A_Skip1"];
  S100 -> S101 [label="Ship_Move.Passage_In_B_Skip2"];
  S101 -> S98 [label="Ship_Move.Berth_A_Skip1"];
  S6 -> S102 [label="Ship_Move.Berth_Out_B_Skip1"];
  S6 -> S8 [label="Ship_Move.Berth_Out_A_Skip1"];
  S102 -> S103 [label="Ship_Move.Berth_B_Skip1"];
  S102 -> S99 [label="Ship_Move.Berth_Out_A_Skip1"];
  S103 -> S100 [label="Ship_Move.Berth_Out_A_Skip1"];
  S103 -> S104 [label="Ship_Move.Passage_In_B_Skip2"];
  S104 -> S101 [label="Ship_Move.Berth_Out_A_Skip1"];
  S4 -> S105 [label="Ship_Move.Berth_Out_B_Skip1"];
  S4 -> S6 [label="Ship_Move.Passage_Out_A_Skip1"];
  S105 -> S106 [label="Ship_Move.Berth_B_Skip1"];
  S105 -> S102 [label="Ship_Move.Passage_Out_A_Skip1"];
  S106 -> S103 [label="Ship_Move.Passage_Out_A_Skip1"];
  S106 -> S107 [label="Ship_Move.Passage_In_B_Skip2"];
  S107 -> S104 [label="Ship_Move.Passage_Out_A_Skip1"];
}
